9 5
3 2
14 4
5 1
7 1
12 3
17 2
8 3
15 1
7 3
1 2
12 3
18 3
16 1
3 2
3 3
21 1
9 4
2 1
12 2
5 1
24 5
11 1
23 2
11 1
20 1
14 5
3 3
12 3
12 3
11 1
2 3
19 5
9 4
13 3
11 2
13 4
13 3
18 2
5 1
13 3
9 5
1 1
13 2
16 2
3 4
17 1
11 1
16 2
2 3
20 1
20 1
8 3
1 1
22 3
24 3
24 4
9 5
5 1
13 4
8 2
12 1
10 1
9 3
4 5
5 1
4 5
1 2
20 1
2 1
12 3
14 4
7 3
4 3
2 1
11 1
22 3
11 2
18 2
5 1
10 1
7 3
2 2
4 5
13 2
15 1
5 1
5 1
9 4
8 3
17 2
3 3
3 2
9 3
2 2
9 5
14 5
1 1
20 1
15 1
16 1
4 5
18 3
10 1
5 1
5 1
21 1
15 1
5 1
12 1
5 1
9 4
24 5
13 4
5 1
3 3
11 1
13 4
1 1
8 3
8 4
4 5
13 4
7 3
6 1
19 3
16 2
21 1
4 4
2 2
9 5
2 3
19 4
17 3
5 1
7 2
23 2
24 4
9 5
5 1
14 4
4 3
5 1
18 3
21 1
21 1
8 2
12 2
14 5
15 1
6 1
24 5
21 1
7 3
8 3
20 1
15 1
24 3
8 4
10 1
1 1
1 1
13 3
13 3
1 1
21 2
11 2
9 3
19 5
6 1
3 4
6 2
13 4
17 2
16 2
21 1
16 2
20 1
15 1
13 4
1 1
24 3
17 2
15 1
21 1
13 2
1 2
15 1
5 1
9 5
10 1
3 4
8 4
6 2
4 4
19 5
1 1
15 1
19 5
3 2
15 1
11 2
6 1
21 1
16 2
21 2
10 1
7 2
13 2
7 1
19 3
7 3
18 4
12 3
10 1
13 3
7 3
19 4
8 2
10 1
16 2
22 2
2 3
10 1
12 3
10 1
16 1
9 5
17 1
17 2
11 1
5 1
1 1
3 3
15 1
13 3
3 4
10 1
1 1
4 4
10 1
24 4
14 3
6 1
5 1
11 2
11 2
2 2
16 1
13 2
